#Classification	D1	D2	D3	D4	D5	P1	P2	P3	P4	P5
Coprothermobacterales	0	6	0	0	19	13	5	0	58	108
Nitrospinales	1	15	0	0	88	73	21	0	370	438
Chrysiogenales	2	1	0	0	20	52	4	2	123	71
Calditrichales	3	5	2	0	7	52	6	2	7	28
Caldisericales	5	6	0	0	2	25	4	1	7	15
Atribacterales	11	5	1	0	10	44	5	3	23	27
Thermodesulfobiales	12	2	3	0	11	67	51	8	42	25
Elusimicrobiales	2	2	0	0	2	36	198	2	188	23
Endomicrobiales	12	25	0	0	23	120	1393	11	1232	264
Dictyoglomales	22	37	0	0	5	127	910	20	790	231
Bradymonadales	21	6	18	0	21	243	19	40	41	139
Synergistales	28	52	6	1	97	790	68	67	421	1017
Thermodesulfovibrionales	11	5	2	0	11	154	23	4	9	62
Nitrospirales	28	54	3	1	206	364	64	14	1133	1615
Candidatus Absconditabacterales	4	6	0	0	10	51	349	5	367	17
Candidatus Saccharimonadales	0	0	0	0	0	1	4	1	1	3
Candidatus Nanosynbacterales	5	18	0	0	94	106	25	0	492	460
Candidatus Babeliales	25	4	8	1	23	87	460	16	411	43
Desulfurobacteriales	10	1	1	1	6	81	7	11	8	43
Aquificales	39	29	4	0	82	347	645	41	671	584
Deferribacterales	49	14	1	3	37	374	1391	37	1088	184
Silvanigrellales	43	36	1	0	114	352	1051	25	1206	731
Bdellovibrionales	64	20	8	4	97	303	351	17	373	269
Bacteriovoracales	198	27	1	0	36	150	28	16	36	91
Mesoaciditogales	2	4	0	0	2	8	3	7	1	4
Kosmotogales	5	3	5	1	25	56	8	3	5	37
Thermotogales	115	14	2	1	95	382	581	114	447	342
Petrotogales	184	93	14	0	118	1023	3620	117	3263	713
Vicinamibacterales	41	12	14	0	19	352	18	69	43	310
Thermotomaculales	5	0	1	1	9	30	4	8	4	14
Acanthopleuribacterales	23	4	16	0	18	70	12	118	15	75
Holophagales	116	26	17	0	87	1052	100	106	134	818
Bryobacterales	29	8	16	0	52	235	29	125	177	225
Terriglobales	142	108	31	2	320	906	610	54	1949	2398
Syntrophales	0	0	0	0	2	21	8	0	5	13
Desulfomonilales	2	9	1	0	21	31	7	2	41	229
Candidatus Desulfofervidales	2	0	1	1	4	28	6	6	5	19
Syntrophobacterales	5	3	2	0	2	60	8	5	5	35
Desulfobaccales	8	2	0	0	20	16	1	3	1	8
Thermodesulfobacteriales	21	8	1	0	91	159	23	12	133	125
Desulfarculales	27	27	16	0	55	86	25	12	62	380
Desulfobulbales	36	13	10	0	51	529	600	42	111	347
Desulfobacterales	129	108	26	2	375	1331	2150	132	2175	1829
Desulfuromonadales	75	11	54	0	69	621	651	50	290	527
Geobacterales	129	33	21	0	104	675	321	109	309	627
Desulfovibrionales	301	302	154	2	451	2423	7187	218	3082	4744
Brevinematales	0	0	0	0	2	34	4	1	3	15
Leptospirales	104	50	7	0	109	733	610	101	551	368
Brachyspirales	180	41	10	2	131	713	699	104	535	456
Spirochaetales	885	221	86	8	845	6729	4769	752	4400	3613
Haliangiales	55	6	1	0	29	274	17	35	61	196
Nannocystales	93	47	22	1	174	392	74	35	599	935
Polyangiales	288	210	59	0	645	2822	805	272	2721	4972
Myxococcales	751	319	207	5	809	5874	725	659	2419	8400
Fusobacteriales	2851	659	137	22	2059	21310	37698	904	18637	13446
Desulfurellales	9	0	1	0	3	43	3	1	3	8
Nautiliales	130	14	16	0	152	450	132	81	135	256
Campylobacterales	3023	621	120	18	2072	10466	33717	1834	21026	6142
Lentisphaerales	11	0	0	0	6	75	3	9	12	26
Tichowtungiales	2	0	0	0	3	27	2	0	1	12
Kiritimatiellales	9	2	3	0	5	17	7	2	7	17
Methylacidiphilales	20	1	15	0	32	68	4	11	8	40
Puniceicoccales	14	11	1	1	14	188	1167	14	427	86
Opitutales	43	35	4	0	60	406	365	32	495	852
Limisphaerales	10	15	0	0	74	152	25	0	311	582
Verrucomicrobiales	69	48	15	1	154	891	2095	73	518	838
Candidatus Brocadiales	3	5	0	0	5	62	10	9	6	78
Tepidisphaerales	5	3	0	0	5	76	13	5	15	56
Sedimentisphaerales	10	4	2	0	15	96	40	8	75	78
Phycisphaerales	18	11	4	0	56	341	24	33	382	321
Candidatus Uabimicrobiales	272	3	0	0	13	108	19	8	27	46
Isosphaerales	102	61	19	0	166	842	153	91	668	1313
Gemmatales	116	32	31	2	102	828	164	105	210	707
Pirellulales	118	84	33	0	254	1085	974	82	1404	2373
Planctomycetales	158	75	41	3	287	1388	1620	147	630	1595
Parachlamydiales	200	12	18	0	72	223	404	16	317	112
Chlamydiales	2599	3230	331	314	1903	7375	4740	697	5258	5086
Fibrobacterales	2	9	0	0	4	16	2	2	3	9
Candidatus Cloacimonadales	9	0	0	0	1	13	57	0	44	14
Gemmatimonadales	52	88	1	0	392	663	106	31	1933	2940
Balneolales	2	1	0	0	1	37	0	4	0	15
Rhodothermales	36	10	3	0	32	378	28	53	27	247
Ignavibacteriales	42	7	1	0	60	195	836	17	655	159
Chlorobiales	45	39	17	0	99	358	109	17	568	813
Candidatus Sulfidibacteriales	14	8	5	0	5	25	3	4	2	18
Saprospirales	61	29	9	1	81	663	1078	40	1056	541
Chitinophagales	302	168	48	12	547	4276	5550	352	8268	4023
Sphingobacteriales	562	271	91	6	1104	8666	5678	404	5350	3497
Cytophagales	1004	514	234	13	1936	9452	9613	881	10900	12298
Marinilabiliales	377	116	22	2	415	1620	1255	165	1606	1769
Bacteroidales	909	539	235	11	1636	7295	5563	729	8934	12614
Flavobacteriales	6074	1947	499	81	6759	42913	71773	4919	67350	33122
Vulcanimicrobiales	2	102	2	0	132	217	60	5	367	2017
Chthonomonadales	1	0	0	0	2	8	2	1	4	6
Fimbriimonadales	3	2	0	0	4	24	7	3	5	19
Capsulimonadales	6	5	1	0	11	76	7	6	55	108
Thermomicrobiales	3	0	0	0	1	35	8	1	4	22
Sphaerobacterales	32	7	23	1	21	147	152	9	11	72
Phototrophicales	0	2	0	0	3	36	12	2	7	12
Ktedonobacterales	2	9	5	0	2	62	405	3	39	35
Anaerolineales	4	5	3	1	40	105	9	9	321	230
Caldilineales	5	3	0	0	6	85	910	4	47	52
Candidatus Promineifilales	10	13	0	0	5	137	880	14	43	102
Tepidiformales	12	10	4	0	16	269	244	31	35	137
Thermoflexales	12	1	0	0	6	114	4	11	8	58
Chloroflexales	27	17	19	0	31	102	501	11	69	112
Dehalococcoidales	42	1	50	0	21	57	10	5	7	35
Trueperales	6	1	0	0	5	41	16	9	17	33
Thermales	125	33	33	1	128	953	220	91	370	824
Deinococcales	309	106	62	4	391	2732	980	259	1263	2820
Coleofasciculales	2	1	1	0	4	56	1	3	3	22
Gloeomargaritales	5	1	0	0	0	9	2	1	10	11
Oculatellales	6	1	1	0	5	162	6	11	12	63
Thermostichales	8	1	1	0	1	11	3	0	4	6
Gomontiellales	9	4	0	0	14	128	7	17	32	59
Nodosilineales	19	2	19	0	17	54	11	2	22	48
Geitlerinematales	20	0	24	0	10	73	273	4	196	25
Chroococcidiopsidales	20	18	4	0	17	226	282	25	203	106
Gloeobacterales	20	7	0	1	12	156	817	5	527	146
Acaryochloridales	24	28	2	0	187	180	275	27	37	306
Leptolyngbyales	31	29	11	0	79	321	78	24	93	211
Pseudanabaenales	32	3	2	1	34	201	198	23	153	177
Pleurocapsales	47	12	3	1	80	171	21	35	36	75
Oscillatoriales	120	26	24	3	80	620	459	137	330	389
Chroococcales	267	73	16	10	260	1681	4387	202	4204	828
Nostocales	413	360	48	5	766	3694	3164	425	4637	5190
Synechococcales	545	192	64	10	861	3466	3150	359	5070	4689
Candidatus Izemoplasmatales	56	5	3	0	45	207	1458	60	1305	29
Acholeplasmatales	305	49	12	2	287	718	6058	275	5361	310
Mycoplasmatales	1948	236	72	7	1472	4611	49205	1916	42511	2770
Entomoplasmatales	2611	522	298	19	1776	11369	62282	1740	71982	3365
Mycoplasmoidales	13709	761	318	15	8417	20650	262614	10170	221918	3871
Egicoccales	12	64	1	0	225	287	60	9	1144	1625
Euzebyales	12	2	4	0	6	105	19	12	23	115
Egibacterales	18	3	2	0	22	99	15	4	51	95
Rubrobacterales	46	24	4	0	42	539	56	61	93	655
Acidimicrobiales	129	61	22	1	165	1079	853	100	554	1511
Coriobacteriales	65	25	33	0	48	408	535	38	194	1455
Eggerthellales	72	35	9	0	257	740	213	56	1408	1245
Thermoleophilales	4	1	0	1	1	49	26	4	11	64
Miltoncostaeales	39	14	11	0	79	603	90	63	221	497
Solirubrobacterales	164	226	43	1	465	2360	1230	150	4565	7340
Acidothermales	2	2	1	0	2	23	4	2	4	20
Sporichthyales	10	4	0	0	4	41	12	5	14	60
Actinopolysporales	10	4	2	0	2	125	13	16	9	122
Glycomycetales	14	8	4	0	14	137	1206	17	106	128
Candidatus Nanopelagicales	25	2	0	0	15	75	6	3	19	38
Kineosporiales	33	8	2	0	21	230	37	44	33	190
Jatrophihabitantales	38	7	12	1	21	244	79	29	110	382
Catenulisporales	43	58	3	0	213	448	64	28	1381	2060
Nakamurellales	50	26	6	0	86	470	378	34	454	675
Jiangellales	53	34	15	0	187	706	110	51	1197	1256
Bifidobacteriales	116	80	21	4	217	1156	1378	91	985	1730
Geodermatophilales	144	72	7	1	191	1629	3246	129	777	2039
Frankiales	149	54	53	1	296	1459	249	190	601	1390
Actinomycetales	542	189	163	10	667	4386	537	524	1689	4829
Streptosporangiales	1044	370	338	4	1412	8112	1444	877	5654	10484
Propionibacteriales	1692	1627	391	46	3769	15183	13486	2152	21916	41980
Pseudonocardiales	1936	1248	541	13	3442	17503	11235	1781	19111	35138
Micromonosporales	2378	1235	495	8	3672	20448	8080	2186	16944	33062
Micrococcales	7808	4318	1661	59	10059	54972	38387	4677	63799	123765
Kitasatosporales	13809	6329	2935	231	17176	114560	39346	13210	67434	134753
Mycobacteriales	21427	33018	8008	2627	30878	127493	66310	10791	90244	155686
Limnochordales	43	8	29	0	22	178	8	16	12	78
Dethiobacterales	48	5	76	0	28	34	230	4	176	26
Acidaminococcales	17	4	4	0	20	120	25	20	27	84
Veillonellales	132	39	66	1	86	416	1122	47	1155	266
Selenomonadales	138	108	10	2	219	2329	5291	89	7226	1545
Erysipelotrichales	482	199	15	6	383	2279	7716	393	6489	1732
Tissierellales	404	139	26	3	518	1880	7181	279	6817	2250
Koleobacterales	1	4	0	0	2	48	13	1	41	42
Thermosediminibacterales	18	6	0	0	15	98	17	2	19	57
Natranaerobiales	25	38	4	2	43	107	43	16	26	453
Moorellales	29	3	16	0	26	205	17	15	20	101
Thermoanaerobacterales	112	110	8	0	145	1010	4000	147	2441	836
Halanaerobiales	148	45	3	3	85	543	2392	82	1924	537
Caldicellulosiruptorales	619	115	41	1	505	649	2505	78	2050	291
Eubacteriales	10749	117488	1125	75	10193	46950	154588	5855	118137	158037
Bacillales	14187	37289	4919	188	21685	63609	131216	5831	124739	87496
Lactobacillales	75775	424455	7535	4476	285494	1148686	962531	11580	2688183	5320968
Hydrogenophilales	0	0	0	0	4	5	1	1	4	11
Mariprofundales	2	0	0	0	1	21	36	3	6	14
Acidithiobacillales	33	12	14	0	113	273	69	17	157	201
Ferrovales	3	147	1	0	412	437	140	0	2739	3288
Nitrosomonadales	291	272	136	3	759	2076	1122	192	4213	6045
Rhodocyclales	377	326	154	3	1088	2961	8342	200	6572	8295
Neisseriales	785	929	544	7	2914	5627	9406	322	17161	20252
Burkholderiales	8929	15080	4563	62	34668	64112	79728	4829	131288	187987
Magnetococcales	0	0	0	0	3	21	2	1	1	13
Sneathiellales	1	3	0	0	5	41	487	5	24	32
Geminicoccales	6	1	1	0	9	207	290	15	209	152
Minwuiales	6	7	1	0	4	29	444	1	26	27
Emcibacterales	14	4	3	0	10	87	6	8	31	83
Parvularculales	18	4	4	0	6	99	14	7	37	102
Kordiimonadales	21	102	1	2	24	157	46	11	144	747
Maricaulales	22	10	2	0	79	182	841	24	119	234
Hyphomonadales	78	20	43	0	47	334	829	41	123	276
Candidatus Pelagibacterales	100	11	5	3	100	314	49	31	315	272
Holosporales	242	7	1	0	21	148	24	32	28	82
Rickettsiales	378	203	20	16	375	4478	11003	328	14207	2314
Rhodospirillales	1287	1210	382	15	3925	10990	11915	829	17288	28608
Sphingomonadales	1754	1695	749	8	5844	13734	20422	1000	25386	41954
Rhodobacterales	1772	1352	856	14	4390	15994	15605	1097	20934	29590
Caulobacterales	3108	1994	1013	11	3563	8268	8598	705	12484	26605
Hyphomicrobiales	6892	7114	2780	93	19408	180423	62955	3553	120354	235882
Candidatus Comchoanobacterales	2	1	0	0	5	8	11	1	9	21
Steroidobacterales	3	2	0	0	3	27	6	0	10	29
Thiohalomonadales	4	0	0	0	5	82	10	7	9	44
Immundisolibacterales	6	0	1	0	6	45	8	8	9	45
Salinisphaerales	9	26	0	0	99	137	27	3	624	847
Kangiellales	19	6	4	0	15	47	19	5	26	86
Nevskiales	19	6	4	2	10	149	62	24	29	116
Thiohalobacterales	23	10	1	1	61	146	13	17	184	335
Acidiferrobacterales	23	21	10	0	21	200	56	22	72	169
Cardiobacteriales	58	22	31	0	64	134	278	46	294	398
Orbales	142	234	16	0	215	753	730	48	1376	5146
Methylococcales	367	760	188	24	1199	2636	4616	174	5458	6037
Cellvibrionales	395	169	345	3	476	1546	2176	136	1417	2547
Legionellales	420	108	33	1	422	1550	2770	172	2746	1590
Thiotrichales	480	168	123	5	558	1839	3274	304	3483	2383
Chromatiales	487	325	188	8	1069	2482	6603	194	3261	4563
Pasteurellales	1308	478	5671	4	5559	4140	6539	231	11016	10939
Oceanospirillales	1551	1312	1218	61	4993	10569	20733	545	26344	31360
Moraxellales	2204	990	674	39	52475	8225	18619	916	22965	15878
Alteromonadales	2707	1802	1113	28	3960	10100	19827	856	23868	24948
Vibrionales	3220	2554	1478	23	5834	11017	18168	1281	22809	33699
Xanthomonadales	5973	6520	1998	398	9143	52525	33557	8332	48582	60588
Pseudomonadales	9372	11824	6311	250	42393	202019	268168	24809	314549	192784
Aeromonadales	33119	1577	1127	24	5302	7043	24542	419	22294	27268
Enterobacterales	21090139	14573082	1460435	6692	16877954	14289205	78625048	1048660	66572300	69429773
Brassicales	0	0	0	0	0	0	0	0	0	1
Pyrenomonadales	4	4	1	2	13	24	4	2	2	221
Cryptomonadales	9	7	1	1	18	49	18	7	161	307
Acytosteliales	0	0	0	0	0	2	0	1	1	0
Dictyosteliales	216	32	9	2	229	1014	1261	187	1176	508
Trypanosomatida	460	130	72	6	426	4250	713	433	1067	2692
Diplomonadida	141	1	1	0	6	85	4	7	11	39
Trichomonadida	340	130	27	6	403	3563	5689	294	8975	1150
Naviculales	34	24	1	3	75	156	15	18	17	120
Thalassiosirales	57	25	24	5	26	227	12	42	16	304
Peniculida	22	1	2	0	26	61	9	13	3	11
Eucoccidiorida	351	295	111	10	584	2659	1092	258	3071	6318
Piroplasmida	1853	2889	330	17	1654	4910	4165	559	6617	10645
Haemosporida	2369	652	171	15	1754	12681	14953	1665	17201	9080
Malasseziales	60	18	31	7	49	306	15	63	57	319
Ustilaginales	80	18	8	4	49	595	24	59	62	306
Trichosporonales	40	9	5	1	40	401	215	45	258	299
Tremellales	64	36	4	11	118	521	36	54	381	722
Cantharellales	59	10	18	3	41	331	573	38	528	318
Agaricales	83	17	3	3	74	822	31	74	126	510
Pucciniales	395	108	28	2	205	1736	363	196	476	1324
Schizosaccharomycetales	70	12	3	2	54	327	27	52	38	164
Saccharomycetales	2151	1310	192	131	1950	10155	9910	1375	11914	7741
Pleosporales	82	58	5	0	210	742	67	62	853	1651
Mycosphaerellales	113	23	8	9	93	656	48	98	96	379
Eurotiales	797	310	85	14	527	4624	921	396	5134	4956
Helotiales	85	24	14	0	129	750	1572	63	1443	465
Sordariales	211	61	23	6	251	2224	289	226	508	1519
Magnaporthales	237	73	19	7	174	1619	397	188	861	1204
Glomerellales	216	79	30	2	276	1619	584	150	966	1662
Hypocreales	1210	1149	319	98	2141	11614	4174	1072	4720	8527
Candidatus Nanohalobiales	1	0	0	0	0	9	1	0	0	3
Nanobdellales	5	1	0	0	11	35	8	22	7	16
Candidatus Micrarchaeales	0	0	0	0	0	2	2	0	0	1
Candidatus Prometheoarchaeales	19	3	0	0	10	82	6	6	36	92
Methanomassiliicoccales	7	2	0	0	5	35	2	8	5	37
Thermoplasmatales	37	10	0	0	41	216	739	23	286	128
Conexivisphaerales	3	0	0	0	1	8	1	1	2	10
Candidatus Nitrosocaldales	1	0	0	0	0	15	0	0	3	7
Nitrososphaerales	16	12	2	0	22	170	203	14	172	82
Nitrosopumilales	77	110	12	0	66	549	1029	82	1139	1555
Fervidicoccales	2	3	0	0	2	43	625	2	639	7
Thermoproteales	24	68	3	0	28	316	148	15	406	979
Thermofilales	43	19	8	0	54	268	7	21	12	144
Acidilobales	49	4	9	0	33	83	7	11	8	24
Desulfurococcales	60	5	38	0	43	416	254	32	183	151
Sulfolobales	139	51	14	2	110	1087	1188	107	1034	472
Candidatus Methanoliparales	2	3	0	0	3	25	276	2	184	8
Methanonatronarchaeales	2	7	0	0	2	23	11	3	3	10
Archaeoglobales	29	11	5	0	24	356	6	17	4	151
Thermococcales	72	30	8	2	244	606	582	57	727	842
Methanopyrales	3	0	0	0	0	15	3	0	1	13
Methanobacteriales	129	44	17	6	468	1041	1685	144	1670	510
Methanococcales	135	48	3	0	198	786	914	135	1039	922
Methanocellales	7	3	1	0	6	50	6	3	10	32
Methanotrichales	9	3	2	0	8	62	6	6	5	16
Methanomicrobiales	137	33	23	2	156	643	745	95	798	623
Methanosarcinales	151	64	31	0	165	1184	1558	125	1299	589
Haloferacales	274	164	96	4	415	2082	1593	223	1645	4349
Natrialbales	282	235	252	0	611	1554	2445	226	3495	5690
Halobacteriales	321	111	131	1	369	2494	1595	261	1557	3129
Halopanivirales	0	0	0	0	0	4	0	0	1	0
Tubulavirales	0	0	0	0	0	9	2	3	0	4
Haloruvirales	0	0	0	0	1	0	0	0	0	0
Petitvirales	0	0	1	0	2	1	0	0	1	0
Ligamenvirales	7	1	0	0	3	21	0	4	1	7
Lefavirales	54	226	41	2	43	345	1049	40	1089	420
Ghabrivirales	0	0	0	0	0	7	0	0	0	2
Reovirales	0	0	0	0	1	28	279	4	183	4
Cryppavirales	0	1	0	0	1	1	0	0	0	0
Timlovirales	0	0	0	0	0	5	0	0	0	3
Norzivirales	1	3	0	0	0	10	0	3	4	20
Stellavirales	0	0	0	0	0	4	0	0	0	0
Patatavirales	0	0	0	0	1	12	0	2	1	7
Durnavirales	0	0	0	0	1	8	0	1	1	5
Picornavirales	1	0	0	0	3	38	2	4	2	6
Nidovirales	2	33	0	0	137	224	42	6	807	1270
Sobelivirales	5	0	0	0	7	76	29	4	17	39
Nodamuvirales	0	0	0	0	0	0	0	0	0	1
Tolivirales	0	0	0	0	0	4	0	0	0	1
Amarillovirales	0	0	1	0	2	4	0	0	0	6
Tymovirales	0	0	0	0	3	13	0	3	1	3
Martellivirales	6	0	0	0	2	14	6	2	1	20
Hepelivirales	8	7	4	13	29	109	52	28	94	128
Articulavirales	0	0	0	0	1	2	0	1	0	1
Bunyavirales	7	3	0	0	7	68	9	6	52	45
Jingchuvirales	11	0	0	0	0	5	0	0	1	1
Mononegavirales	11	22	0	0	10	61	249	8	252	17
Blubervirales	0	0	0	0	0	0	0	0	0	1
Ortervirales	53	21	3	1	67	880	4	60	10	248
Orthopolintovirales	0	0	0	0	0	1	0	0	0	0
Priklausovirales	1	0	0	0	2	1	0	0	1	1
Atroposvirales	0	0	0	0	0	1	0	0	0	0
Belfryvirales	0	0	0	0	0	2	0	0	0	0
Kalamavirales	0	0	0	0	1	0	0	0	0	1
Rowavirales	7	2	1	1	2	27	3	7	5	32
Asfuvirales	3	0	2	0	6	12	2	0	1	6
Chitovirales	44	7	4	0	28	255	667	18	560	99
Pimascovirales	7	12	4	0	15	107	10	11	21	47
Algavirales	15	13	8	1	21	187	26	19	39	95
Imitervirales	150	39	14	0	219	1324	1926	151	1748	484
Herpesvirales	32	8	3	0	24	617	287	55	55	208
Kirjokansivirales	0	0	0	0	0	0	0	0	0	3
Nakonvirales	0	0	0	0	0	2	0	0	0	0
Thumleimavirales	0	0	0	0	0	3	1	0	1	5
Crassvirales	19	6	3	0	16	104	612	15	461	69
Baphyvirales	0	0	0	0	0	1	0	0	0	0
Mulpavirales	0	0	0	0	0	9	0	3	1	0
Cirlivirales	0	0	0	0	5	13	0	0	0	9
Geplafuvirales	2	2	0	0	4	45	1	1	1	11
Sepolyvirales	0	0	1	0	0	7	0	0	3	6
Zurhausenvirales	7	0	0	0	2	7	2	3	0	8
Piccovirales	19826907	14822420	7311681	9510121	12848843	4673	314659	28585827	45558	24324